51.99804, 158.28584
51.99085, 158.31258
51.98365, 158.33932
52.18332, 158.42635
52.18574, 158.45539
52.36762, 158.57721
52.36763, 158.60664
52.36765, 158.63606
52.60194, 158.52774
52.59749, 158.5564
52.59304, 158.58506
52.7802, 158.58337
52.77841, 158.61292
52.77663, 158.64248
52.93466, 158.8145
52.92412, 158.83864
52.91358, 158.86278
53.09136, 159.10246
53.07581, 159.11743
53.06025, 159.1324
53.18191, 159.45018
53.17233, 159.47554
53.16274, 159.5009
53.16528, 159.765
53.15003, 159.74916
53.13478, 159.73331
53.14291, 160.06077
53.14423, 160.09064
53.14555, 160.12051
53.32633, 159.91202
53.34473, 159.96369
53.45754, 159.93372
53.44024, 159.94186
53.42294, 159.95
53.65827, 159.91854
53.66396, 159.9473
53.66964, 159.97606
53.86277, 159.87736
53.85879, 159.90707
53.85482, 159.93678
54.10234, 159.99909
54.09555, 160.02746
54.08876, 160.05583
54.2654, 160.27843
54.2526, 160.30003
54.23981, 160.32164
54.44739, 160.56059
54.43383, 160.58087
54.42027, 160.60115
54.56216, 160.91863
54.5448, 160.92664
54.52744, 160.93465
54.49851, 161.21623
54.4872, 161.19219
54.4759, 161.16814
54.50359, 161.58802
54.48576, 161.59184
54.46793, 161.59565
54.62174, 161.90101
54.60782, 161.92063
54.5939, 161.94025
54.80895, 162.11139
54.80791, 162.14252
54.80688, 162.17364
55.00195, 161.99275
55.01089, 162.01992
55.01983, 162.04709
55.20918, 161.79587
55.21388, 161.82626
55.21859, 161.85664
55.45006, 161.74497
55.44886, 161.77658
55.44766, 161.80819
55.68508, 161.83251
55.67718, 161.86113
55.66927, 161.88976
55.9104, 162.00792
55.9023, 162.03654
55.8942, 162.06515
56.10587, 162.16891
56.09206, 162.18954
56.07826, 162.21017
56.20407, 162.527
56.18722, 162.53819
56.17036, 162.54937
56.069, 162.80039
56.05749, 162.77566
56.04599, 162.75094
56.07644, 163.13238
56.06769, 163.16049
56.05894, 163.18861
56.25275, 163.35366
56.25218, 163.38599
56.25162, 163.41831
56.47377, 163.28821
56.47352, 163.32073
56.47327, 163.35326
56.70718, 163.26262
56.7132, 163.29346
56.71922, 163.32429
56.70466, 162.92443
56.72233, 162.93044
56.73999, 162.93644
56.9046, 162.82875
56.9018, 162.86125
56.89899, 162.89375
57.14483, 162.80354
57.14927, 162.83563
57.15372, 162.86771
57.37828, 162.8594
57.36704, 162.88541
57.35581, 162.91143
57.53728, 163.15195
57.53091, 163.18325
57.52455, 163.21455
57.73385, 163.30603
57.7416, 163.3364
57.74934, 163.36676
57.85814, 162.95541
57.87193, 162.97705
57.88572, 162.99869
57.9371, 162.56136
57.95297, 162.54551
57.96884, 162.52965
57.78805, 162.38088
57.80583, 162.38576
57.9254, 162.05603
57.93134, 162.08796
57.93728, 162.11989
58.16673, 162.05368
58.16111, 162.08604
58.1555, 162.1184
58.39967, 162.18983
58.39221, 162.22103
58.38475, 162.25222
58.61893, 162.40919
58.60977, 162.43887
58.6006, 162.46855
58.79065, 162.7374
58.77627, 162.75819
58.76189, 162.77898
58.95688, 163.06389
58.94711, 163.09313
58.93735, 163.12238
59.12121, 163.26903
59.12668, 163.30237
59.13216, 163.33571
59.26224, 163.16985
59.24505, 163.18011
59.22787, 163.19036
59.42593, 163.33135
59.43497, 163.36187
59.44402, 163.39238
59.57883, 163.3587
59.5615, 163.36805
59.54417, 163.3774
59.8027, 163.43519
59.79463, 163.46711
59.78655, 163.49902
59.91165, 163.76084
59.90287, 163.79211
59.89409, 163.82338
59.99824, 164.04866
59.98188, 164.03382
59.96552, 164.01898
60.05659, 164.38887
60.05161, 164.42346
60.04662, 164.45804
59.9986, 164.67129
59.98383, 164.65083
59.96905, 164.63037
59.77892, 164.83369
59.76324, 164.81628
59.74755, 164.79886
59.92417, 165.16495
59.91785, 165.19851
59.91152, 165.23207
60.10541, 165.29588
60.09402, 165.32377
60.08264, 165.35167
60.22976, 165.64864
60.21429, 165.66702
60.19881, 165.68541
60.36594, 166.03193
60.35629, 166.06258
60.34665, 166.09324
60.42971, 166.32982
60.42612, 166.29415
60.42252, 166.25848
60.21849, 166.27473
60.21566, 166.23901
60.21284, 166.20329
59.99714, 166.14461
59.99878, 166.10883
60.00042, 166.07305
59.80359, 166.17533
59.78576, 166.17976
59.76793, 166.18418
59.9683, 166.5162
59.95502, 166.54038
59.94174, 166.56457
60.16648, 166.81084
60.15777, 166.84243
60.14905, 166.87402
60.33774, 167.1533
60.32155, 167.16906
60.30536, 167.18481
60.41136, 167.48011
60.39444, 167.49236
60.37752, 167.5046
60.49653, 167.89365
60.48125, 167.91285
60.46597, 167.93206
60.57873, 168.33084
60.5612, 168.33879
60.54366, 168.34674
60.54563, 168.72699
60.52854, 168.73832
60.51146, 168.74964
60.53237, 169.20699
60.51554, 169.19419
60.49871, 169.1814
60.42751, 169.61783
60.41218, 169.59885
60.39685, 169.57987
60.23915, 169.8287
60.22763, 169.80093
60.2161, 169.77316
60.03777, 170.05293
60.02165, 170.03706
60.00552, 170.02119
59.93102, 170.37693
59.91546, 170.39485
59.8999, 170.41278
60.16391, 170.4886
60.16073, 170.52414
60.15754, 170.55968
60.35089, 170.66077
60.36101, 170.69079
60.47997, 170.88539
60.46492, 170.90531
60.44987, 170.92522
60.57998, 171.28578
60.56493, 171.30576
60.54988, 171.32574
60.70585, 171.63572
60.69063, 171.65523
60.67541, 171.67475
60.80374, 171.89097
60.78622, 171.89911
60.7687, 171.90726
60.95025, 172.2283
60.93821, 172.25577
60.92617, 172.28325
61.19352, 172.68504
61.18523, 172.71812
61.17694, 172.7512
61.34247, 172.94156
61.3524, 172.97278
61.44271, 172.91919
61.42722, 172.90014
61.41173, 172.88109
61.44284, 173.31773
61.43347, 173.3498
61.4241, 173.38187
61.62339, 173.49848
61.62126, 173.53601
61.61913, 173.57355
61.67999, 173.74461
61.66497, 173.72383
61.64995, 173.70305
61.75151, 174.09992
61.74619, 174.13618
61.74087, 174.17244
61.79551, 174.34121
61.77821, 174.35142
61.7609, 174.36164
61.87369, 174.77027
61.86274, 174.80049
61.85179, 174.83071
61.98791, 175.19905
61.97205, 175.21705
61.9562, 175.23506
