45.00546, 136.6404
44.98986, 136.65302
44.97427, 136.66565
45.18806, 136.82435
45.17587, 136.84307
45.16367, 136.86179
45.33854, 137.08277
45.32469, 137.09905
45.31084, 137.11534
45.51123, 137.31436
45.50175, 137.33614
45.49228, 137.35793
45.68548, 137.53851
45.67322, 137.55731
45.66096, 137.57611
45.87883, 137.75691
45.87068, 137.77991
45.86252, 137.8029
46.06906, 137.9473
46.05969, 137.96939
46.05032, 137.99149
46.27342, 138.10883
46.27342, 138.13482
46.27342, 138.16081
46.48048, 138.26612
46.46569, 138.28095
46.45091, 138.29578
46.69636, 138.38211
46.69189, 138.40749
46.68742, 138.43286
46.92152, 138.51702
46.91769, 138.54272
46.91385, 138.56842
47.14589, 138.72513
47.14589, 138.75155
47.14589, 138.77797
47.24743, 138.82213
47.24743, 138.84859
47.24743, 138.87506
